111.385
52.5296
-73.4912
-29.3421
17.7819
29.772
28.7597
143.024
-69.7148
4.0842
11.4284
-24.6158
-175.074
-19.7757
61.651
-69.2688
91.5603
-6.9321
174.76
108.292
-113.493
64.0518
36.9114
-24.7036
5.07293
93.1904
-88.5397
27.8745
129.964
-137.438
19.6295
-65.6737
12.4617
54.0365
18.8919
-9.31719
-110.142
-156.889
25.2041
61.4042
-91.7688
-40.7503
-26.4248
30.7313
138.069
63.7422
169.432
79.7352
-128.048
13.3969
-96.8818
-144.987
-2.42682
-58.2601
-1.88374
-95.3011
132.152
-44.7967
65.4678
-76.971
-84.2188
-99.9037
3.91287
-61.8666
-73.4709
127.484
41.7957
10.0518
-72.6808
-75.1216
-107.614
-20.9058
-3.30241
197.184
134.213
148.444
-6.68679
-13.949
-15.0207
-24.1286
-45.4359
108.627
14.4272
81.9137
58.6351
22.0063
50.5227
76.5875
37.6321
-157.146
-93.4109
35.626
8.97243
-37.5893
-132.375
26.7506
-58.7113
-8.435
-287.946
44.5549
-146.672
-4.41637
-57.8325
-36.9924
19.6452
105.15
-11.3921
3.80046
-59.6556
-15.1279
164.677
-50.0043
101.133
-73.0229
93.5288
-4.39879
73.2248
-39.2698
-72.623
41.9021
50.1038
-178.772
-8.53483
51.173
-53.4928
104.865
-137.044
53.8756
-4.95557
-144.536
94.7432
-81.8181
6.42249
89.7439
-74.6801
73.7304
34.7775
-61.6593
-10.8825
19.0584
73.2029
28.7603
-41.1248
-10.9309
84.6542
-122.319
-12.6921
-59.6198
-101.882
-64.9921
90.7099
-97.7312
-0.664178
-32.8768
-28.1046
23.7255
64.6903
-122.392
-150.396
-79.0475
125.594
-4.85921
-8.85043
-20.1293
-105.263
76.142
112.359
46.7352
-151.026
-34.6542
-69.0299
50.4512
-21.4193
16.0576
-4.69897
58.6226
58.3963
-6.00446
-53.767
-33.7595
17.8911
-77.6373
-73.3646
17.9871
52.1841
-79.7889
-132.771
-46.7167
68.1264
-56.9538
-204.018
-139.186
5.61761
70.0218
-58.5145
-33.5493
24.8932
15.0279
-26.6497
123.601
48.3933
-11.1932
53.32
79.4087
-10.8683
8.90016
-70.194
-27.9721
-52.7601
-137.372
-92.4213
6.33195
-2.03165
-123.307
27.372
-123.479
7.82852
-22.4556
2.4745
-25.1755
-42.3635
-17.0723
72.0295
-44.8395
8.87146
58.9695
-45.1894
44.8226
-4.30565
-27.939
2.15414
-74.2782
0.701866
45.0679
68.0238
42.7601
-6.11735
117.135
-45.5183
91.9657
-49.0842
26.2674
0.292934
45.6661
-41.2519
95.9563
68.066
45.7493
14.7286
-38.1732
-36.5946
31.068
22.949
60.5962
126.642
-218.932
124.193
49.046
113.335
-36.5767
-6.27615
17.2509
-35.3423
-36.4268
-30.0989
51.1986
-3.74927
-129.324
-30.5371
37.0588
27.2613
-155.56
-5.83413
60.7124
77.1432
116.871
0.912661
-32.4371
-32.4033
-52.1267
121.822
-58.0876
75.4168
47.5152
23.9748
-92.2629
-54.4273
-53.9306
-84.3555
76.1251
51.2784
-5.42938
-25.8547
80.9419
-52.6201
33.7368
12.6164
-0.801493
85.7726
-39.112
-85.4729
19.5559
-15.5895
22.6015
38.8616
-158.02
-0.496947
17.3299
33.7578
-165.598
56.3614
56.7939
-142.403
-54.0852
-91.0238
28.8481
94.6115
-142.324
-37.1758
-136.765
36.3284
-26.0854
48.4175
12.4397
-94.2268
125.618
47.3153
-15.4057
26.6264
-30.8462
-39.8938
-24.9096
6.12342
-14.7152
49.7742
-78.0843
-99.1679
-124.025
-100.147
98.639
-10.3647
-64.5238
-83.2428
1.39501
-127.724
91.712
40.9528
-6.51144
-32.3899
-102.812
-45.8143
-72.8023
-43.5255
-30.3276
-35.8992
4.40323
-69.9718
-130.952
-104.206
-7.00048
-90.2858
-16.2435
-90.9628
-15.0096
78.4388
-123.302
-88.9293
30.3738
77.2653
-57.9226
-63.9634
-46.5375
-38.6794
24.2309
-33.5495
-82.1611
17.5269
10.2939
4.64325
40.13
-55.7471
42.5712
-7.55003
-17.3837
-150.038
72.8544
-58.7133
111.791
-59.7771
-112.125
27.243
-5.9997
-10.7317
-22.0035
-12.2048
8.75082
-97.7154
-63.0418
37.192
87.8422
62.0069
9.77453
-78.6449
-77.1923
-93.8252
13.2415
-55.5111
-58.9213
63.4314
49.5712
-172.421
-241.751
-52.3901
-57.1312
31.5301
32.6959
-42.4426
32.2754
131.342
33.913
-179.758
-52.5751
-11.1228
5.39032
-215.453
91.8874
94.1947
27.5355
-198.724
-62.1164
128.483
-75.2409
18.2606
-45.5212
-112.403
-87.2964
-38.2678
4.133
-61.8472
16.3973
-100.729
76.5534
80.3144
107.305
75.2547
2.49864
-1.73667
85.9995
-57.5127
-66.3459
-132.623
-36.049
-31.1548
84.4882
-77.8502
-27.7841
36.3438
86.7474
134.488
-42.0095
40.1802
-157.372
17.2536
-20.1934
-106.393
61.0722
-79.9195
-111.44
-53.3338
-103.321
-52.1497
-122.138
-104.751
20.5717
-71.5907
48.9206
55.0993
132.248
-69.4023
-15.6321
45.6876
16.3383
-13.6518
29.687
10.0364
-33.9157
-49.3387
110.026
209.813
-125.161
-45.6225
12.7936
-12.5174
-11.3698
-95.0034
2.3109
-122.426
-105.465
-33.2796
25.323
34.3439
11.7425
-31.8269
145.391
21.2321
-101.081
44.2688
-13.5125
-81.4244
-128.411
8.32681
114.114
7.97887
101.468
-50.1408
-85.0443
-63.0381
36.6097
-153.637
48.3276
133.735
13.1963
54.0804
10.8224
-4.89264
82.5576
43.5216
73.4999
36.6746
-22.9572
-10.2873
64.0996
-49.4687
52.3608
14.5978
-102.729
53.7277
-38.5851
36.2528
24.5573
-60.6225
-120.153
12.979
-154.207
-118.425
-171.177
-4.2104
47.2326
152.942
-54.9343
109.346
-99.4054
-87.8595
0.196564
18.6875
4.84008
31.1889
4.95508
-35.1338
39.6659
11.3331
111.722
-63.3478
12.9816
-74.9492
-47.3392
-147.005
-143.634
-80.948
2.0739
-69.7626
48.4145
-124.316
104.327
-33.2506
10.1778
136.392
-2.82915
-131.413
4.90709
-118.918
-103.061
-13.3913
7.90756
-12.8715
-81.2178
-93.3471
-11.9282
-87.3791
-88.5274
-89.112
-39.5849
21.4048
-38.2926
-37.5888
53.4168
14.7935
89.6835
-5.01017
-12.0531
-6.55124
44.8792
-8.21851
17.2378
-20.581
-48.1659
118.663
-114.361
-58.9858
-0.250866
-40.1618
28.6824
-16.907
-16.9079
19.586
-126.746
16.5332
42.7361
59.9438
38.3793
-114.463
113.762
-28.4782
183.056
20.5968
-27.4811
-91.7969
-56.2916
10.5297
112.696
-29.8223
-94.9553
-35.3061
-31.9907
24.8482
160.396
-53.3561
-4.1528
-148.471
44.2834
104.035
-22.7604
57.9916
-90.3237
-10.0672
76.6522
3.37816
-116.687
34.8924
98.7073
-40.8466
-91.8198
-24.1104
-112.238
1.86467
119.89
147.73
-123.911
53.1358
-19.4397
-63.7584
-121.343
88.5021
25.6969
67.1749
3.33467
77.1823
82.8873
-45.2382
-4.29432
-34.4269
-71.4349
-60.5537
50.4912
0.948588
-0.708857
133.493
-31.6686
19.8486
133.695
18.0736
59.8405
23.3369
72.2277
-34.6329
13.9767
-107.358
-74.9806
-124.736
103.571
-12.2849
63.056
-123.245
-1.94743
-97.8797
13.4972
-29.6196
-35.1084
228.947
-206.382
-5.12434
167.391
22.8294
93.6191
68.2129
-121.739
34.3753
26.658
32.7278
-40.5925
38.7094
67.4536
63.109
127.115
-51.5411
-99.9881
-10.3451
3.50738
-12.6842
183.02
-138.651
-63.0459
20.3715
-80.2784
54.3764
-23.7985
-16.8384
22.586
18.6761
-19.3663
-21.7943
96.668
-53.6193
55.2883
-44.5658
-213.217
-117.079
-33.8578
-95.7473
-2.45573
10.8997
39.8299
-76.2078
52.3315
65.3768
93.7069
-54.946
-80.9784
-110.541
4.90851
-4.56771
15.7555
19.8919
-12.3157
-11.782
-6.01648
16.5342
-2.50968
10.2901
-19.0931
6.22061
18.6653
15.7534
-15.6377
-4.41524
-20.8268
-18.2667
16.9833
6.13936
26.6375
1.37598
-4.45275
2.01881
-20.0834
-10.6449
6.30927
5.27278
-0.4811
5.65739
12.706
-0.740205
-10.4995
8.26504
-6.73361
-11.9848
18.5066
8.99843
-7.28651
-5.73313
-6.01177
-3.76092
-16.856
-2.78319
-10.6072
-12.8772
17.7532
-9.38537
-7.67855
19.4054
20.2958
-12.2445
-1.42905
-7.32165
6.01992
0.237648
-3.02595
-4.58943
-22.2668
16.9314
-16.5944
20.9858
-5.97124
-1.51327
9.48709
10.8198
1.14659
0.159134
-1.02902
11.618
-15.3039
19.9769
-15.7899
-18.2102
-1.38522
-1.16863
-10.1868
-6.58765
11.4974
-1.12306
-5.00791
15.1272
13.8571
14.7742
-19.2529
-2.02003
-6.38911
1.45132
-23.2453
-5.46951
-3.67048
-14.7092
-8.41474
12.02
-0.47987
17.6146
-2.55789
-16.5956
1.70971
-14.727
-20.2969
-0.0377165
21.5266
-11.1203
2.05919
-7.529
14.6965
5.93889
11.0942
1.05885
0.00540002
-21.9758
-1.09344
-8.78828
4.86777
-4.23465
9.26049
-21.4575
23.2738
16.761
-7.71378
-3.01171
20.7287
14.2235
-13.6155
2.32821
5.52052
14.9213
7.43928
-8.62784
11.0217
6.83544
14.1884
17.5076
22.2003
2.62885
-7.70438
10.4443
-4.4828
-22.3039
-11.6429
10.3351
-22.2574
12.1403
-23.4479
6.38529
-9.03301
10.7988
14.0544
-17.7409
2.33136
-14.4315
7.38414
5.80427
10.9407
14.4233
-13.2465
5.2143
4.70725
7.32704
16.6462
4.28398
4.9436
5.0939
-2.68695
0.366752
-2.96372
7.32106
-16.3317
6.37837
9.02581
1.76793
3.67683
5.31531
-9.77597
3.35532
-6.63313
-1.64578
-8.10698
-13.7179
1.30133
22.0937
-1.2065
-10.0668
-0.6415
-6.33018
-14.97
1.55881
14.516
6.30066
-3.89111
8.00041
-2.95729
14.1702
1.59441
13.9396
4.46874
13.7144
1.97037
5.73777
3.21907
-13.9929
-16.6728
-16.513
19.1538
-0.360609
5.51299
-11.1349
-14.3506
-14.4838
2.52904
2.86632
-20.4136
18.0783
11.7613
1.30611
-14.7562
20.3096
-7.59197
20.3373
9.5404
4.31686
11.9187
-9.82512
3.80568
-16.2586
19.3098
-17.9727
20.795
-8.83782
7.91606
-3.53122
0.818553
-15.9644
-1.80363
-5.8156
0.70055
-10.1797
9.01527
5.13228
-4.93406
-7.14475
-0.102557
-7.02296
-14.6013
-6.31255
17.7866
-8.91337
-7.74011
-10.3083
-7.83802
-20.9341
15.3782
16.9334
-14.743
-2.30829
-19.7986
-19.5738
0.686199
20.7839
1.28627
-11.2995
-4.80616
-15.0131
-8.39724
-17.8679
1.82327
7.94845
-7.81713
-10.943
-3.32072
5.66578
-2.28008
-19.82
-20.9448
4.21999
-7.1364
-15.6946
22.8738
4.72217
-15.5093
-13.6671
3.92271
-17.9345
-15.0297
12.4386
-6.42365
-11.1375
9.90373
17.102
-18.8093
-8.8125
-16.6517
0.813999
-3.87868
-6.56645
3.92793
14.9781
-13.356
16.3404
-13.2337
14.4548
7.23075
1.2931
14.6348
10.4236
-12.6784
-12.9464
11.3985
-14.5224
10.5263
19.1163
-5.90171
-4.6859
19.6398
-0.792792
-13.596
-3.22547
5.6682
-19.4299
-7.53574
10.5016
-6.34134
-3.16702
-6.90747
8.21468
11.5452
17.8086
1.48926
-18.0177
16.7006
3.35347
16.4371
3.93131
-15.3534
11.0719
-5.64507
-8.03182
18.1255
-14.2466
-2.55426
8.6518
-15.1303
11.544
-16.0341
-15.4905
-9.24876
-9.63009
1.284
16.4194
-9.06002
13.7483
6.92108
