-20.416
-128.476
35.8688
-30.6859
7.07687
2.06337
-18.4427
60.6588
81.8829
-64.2778
-16.861
95.6546
5.00399
68.1857
-26.7473
-73.3535
-56.8153
-59.1866
25.6967
-71.7999
45.1175
6.59471
103.488
-3.38536
22.6785
54.8285
69.899
29.7177
-22.5576
-4.20461
-13.3359
29.3253
-18.0119
53.5127
5.81198
33.9805
78.8524
10.958
45.7814
-18.1716
5.9388
-60.7621
-3.29098
102.763
-12.1356
41.7608
-89.107
64.0587
-0.271365
69.2331
98.9667
42.9166
-1.79519
-32.4403
7.5137
-131.569
69.9771
-85.4674
9.78371
-41.0445
26.8347
60.6424
37.7487
72.2487
0.486338
-59.6223
-88.0161
34.3143
44.2662
3.69389
7.53978
-67.5787
18.8674
-37.0279
-127.555
5.25057
13.5159
-80.2513
-64.8277
-78.8204
-33.443
10.0198
89.7638
-64.7355
14.7209
42.1513
-29.4469
54.2078
-76.1937
63.5005
-24.4424
-9.80514
-94.1518
76.2616
-22.9667
84.9024
-99.8567
-30.043
29.7601
-22.0043
-65.3242
-61.2444
-31.6864
-62.2572
28.9962
24.4506
63.1771
41.7038
29.7765
2.90191
-115.95
-61.6824
-32.6202
-55.6119
80.2405
-37.4672
2.71958
-37.2206
2.05038
44.8497
13.1039
2.4461
-50.8655
57.374
-26.0068
75.528
-27.8406
75.5915
-27.7481
8.3798
5.64438
-41.1432
13.7881
41.432
-16.5148
39.6921
-4.43198
9.52226
62.4112
40.9578
19.1074
77.5151
-10.5408
-39.3909
5.90015
22.1338
-48.6914
-9.58723
72.0686
5.52925
-9.75153
-54.3818
37.2466
51.3545
59.5754
-26.6858
54.4678
-3.45708
-67.0757
69.0432
-30.9976
-16.9156
-63.7762
-48.9318
-1.8662
-6.08692
55.0201
-48.0223
57.7907
-100.2
43.7012
-22.7453
-43.5861
31.4057
10.0413
-17.5622
22.3448
26.392
-45.0967
-47.4346
-70.3681
-73.3398
75.7106
12.7368
106.3
78.4956
45.5262
58.4292
29.3041
12.8924
-118.109
-39.2915
85.3552
-3.23464
6.47993
-20.7726
38.0483
4.12967
115.034
97.8137
-2.48803
10.027
15.615
-64.9609
3.94662
-1.70802
61.0995
-32.2903
-75.6893
14.9683
-44.1029
-41.083
-13.7423
-0.256814
79.2841
-59.6581
46.723
-8.46134
-63.1136
-57.892
0.795439
0.548134
-8.21402
3.20025
10.8944
-3.87538
-15.6879
1.85131
5.96276
-44.5036
13.1328
57.1086
-50.656
31.3542
16.8196
46.9396
32.4248
-4.59635
10.7252
53.8889
74.9009
-0.9302
-21.5624
18.4239
1.28792
-74.9471
-91.7586
42.7494
19.5632
-72.414
61.4306
-22.4405
-93.2081
-111.478
-54.3407
-71.8486
-61.434
-39.7476
-9.06214
49.5172
-47.6912
52.4607
-15.1388
-15.1083
27.8462
-21.9208
6.3817
-25.0484
-11.6096
-1.32474
-31.5094
-18.4346
-17.0426
-1.36834
67.1064
-75.6022
4.5228
8.1846
-91.5584
-87.4665
-39.821
16.7755
-11.2358
-11.4634
-0.429033
44.9915
0.501957
-53.1118
95.6881
74.3426
40.8896
-33.662
29.5537
34.7331
-23.203
15.397
58.1215
-21.7025
-37.3133
-45.9927
-59.7473
37.0076
16.3467
-104.045
-105.2
-103.637
-50.3138
-37.8088
-36.3441
6.72595
22.5819
8.09746
-97.6393
13.2475
-29.5528
19.5376
60.7441
110.404
-103.501
10.8602
100.686
-83.3914
17.7369
24.9757
-12.2561
-10.2832
-5.56027
28.4746
-36.8626
-73.8598
91.9048
54.0312
34.8321
-10.6165
-19.8546
-17.74
9.30107
-89.7739
150.607
-94.7687
-27.7777
-13.0928
43.0654
65.8686
-18.9771
15.9276
-88.1151
24.3207
-11.7251
-52.1694
21.8712
112.462
16.2642
-29.1931
79.9615
-36.6012
166.526
4.89226
23.754
55.5947
-72.2464
16.1825
21.3011
18.0718
94.4483
47.7316
61.6096
-0.247088
47.7332
-47.6511
-2.30254
1.39021
-0.668475
-10.5753
-26.939
81.3808
78.5783
-67.0448
5.86128
-7.43024
56.6128
23.6193
-23.1706
22.5272
-6.17646
33.7368
69.3465
45.099
-57.501
-98.3845
-63.494
-38.0517
62.9729
-75.3115
-116.291
-17.6376
-45.5412
-34.8627
-118.431
33.625
8.95954
-14.3995
-4.44713
36.2379
-102.807
-28.6041
39.018
24.2507
26.8596
-102.648
23.742
27.6657
45.6967
117.788
67.8655
30.8165
-91.5601
-70.7165
-32.0573
54.6045
64.2034
-78.6551
-45.035
-39.3264
-94.6665
33.2753
-12.6086
-6.68368
-18.5906
7.9106
5.59533
-48.5604
66.4866
107.994
16.8045
-42.4042
-3.47118
102.792
-50.1939
-1.59882
72.586
-0.407225
-70.5246
-71.5515
-26.4788
-105.103
59.6574
4.6264
-72.6437
13.8608
-108.41
-21.0953
28.5171
-16.2888
-23.8845
29.7368
24.9485
-1.63979
-47.1928
-18.8918
-46.0503
-48.365
-13.8313
27.3927
-24.2713
-73.1462
72.6248
-80.0419
4.5742
-66.5361
84.8967
67.5616
39.7766
79.7912
93.7953
-16.5644
36.2047
9.791
-21.7487
-134.69
-39.971
30.8753
71.4669
-38.167
-2.92001
-33.1958
22.5859
-52.5748
46.7283
-16.1209
33.995
21.0882
-35.2119
35.9973
-1.34448
-30.1299
12.2744
51.395
50.0463
-61.2486
-81.9417
-103.408
104.156
-5.2781
9.01804
-54.7405
14.7076
5.80563
39.9059
65.8037
-69.5439
2.37413
-17.1008
47.001
-115.106
-13.1488
72.2141
25.5357
69.5678
84.5619
103.834
48.5351
54.2388
27.3078
-83.3628
28.3581
-119.761
-9.71424
47.6481
41.9288
7.81118
76.9307
2.39945
-76.0254
-20.9263
-102.104
-60.5508
2.06117
13.3386
-52.8568
-18.4246
-41.2292
-53.7594
0.394691
59.666
76.3375
10.5848
16.1838
-119.436
4.27769
10.3847
30.7627
-70.5706
15.1346
-6.17895
-46.1721
-164.212
-16.551
-80.4621
14.6437
48.4289
17.4349
-66.5148
-25.4742
-26.731
111.93
-33.481
138.36
63.1331
-5.14011
40.4159
20.0082
62.2114
52.075
26.1092
-10.6024
9.38592
83.1276
-38.0128
-122.576
4.81413
30.3657
-26.847
96.8889
-67.0152
25.6437
42.6949
-0.196426
56.3294
109.365
52.042
56.5998
-51.3507
-62.7464
21.9976
-8.60564
-85.9751
-8.49544
-106.782
24.8534
-23.5338
-30.6721
-64.0263
-7.07086
8.05162
95.7091
-45.4329
41.8846
28.8647
22.5568
-23.7979
-112.609
72.9199
1.45385
72.5858
1.53368
-38.5651
54.9797
-20.7373
-104.593
-106.669
1.92068
46.5601
-82.1074
71.255
25.2702
-9.10936
75.0712
-15.31
63.8195
33.7018
-29.7588
62.1141
-28.6256
67.9552
-56.7544
-7.14677
-41.7841
-54.1605
-12.8718
12.8975
49.3346
-28.2001
-62.7963
-67.2732
-1.48096
-5.25228
13.725
0.610102
-43.6282
53.8487
4.12832
25.4456
28.0494
71.3049
29.219
23.5108
-31.2681
77.7762
-18.0898
-30.6114
-10.0175
-83.2317
41.7864
96.1573
-14.7633
-0.331879
-44.7426
104.575
-126.346
-32.5635
-50.0488
1.21853
-55.8347
67.2509
75.3824
-4.86537
-9.52788
-1.15993
-19.4442
36.845
-17.3149
-74.7456
-68.3
21.0345
46.9765
-46.5108
-72.104
40.6025
15.8832
-95.9994
0.117323
3.68273
72.067
8.01405
94.1381
-27.0934
-51.8098
25.2972
-39.398
109.453
34.958
-30.6492
95.5535
50.6995
-15.5969
97.771
38.3671
-62.2997
-9.76978
-28.8949
-40.6348
47.9373
-11.8999
88.5377
-7.8034
22.248
28.2162
32.406
-82.9041
28.6439
39.3526
-39.8382
11.4899
-73.1656
24.4766
-5.71291
-45.6306
20.1854
-33.5927
-16.5285
30.3018
-54.4088
-91.7937
-19.3659
-31.0939
5.7147
-36.0649
-40.77
1.14598
9.19512
-35.3826
39.9807
-47.4812
36.8615
151.097
-20.9973
20.9987
59.1348
-63.4025
3.27811
9.74443
-8.92628
-16.5824
-14.8664
3.82392
-18.7992
-16.1614
10.9467
3.99188
5.76008
-2.84237
-15.7893
3.7039
7.97505
17.3701
1.08031
11.1188
-9.85324
-8.0019
5.63258
-9.15323
9.78183
17.4208
-6.57774
-18.4508
-4.72447
-12.0271
-13.7817
-1.94072
4.74134
10.5896
-10.1532
14.9485
15.0601
-0.961772
2.28959
17.4154
11.4318
-7.99551
-4.45955
-8.80094
12.4344
-0.720097
14.2925
-0.573338
-2.29992
5.24392
-9.0437
3.43347
16.1138
18.6666
19.1251
3.80048
12.6287
-7.04113
9.67465
-9.53588
-1.36584
12.6676
9.02544
-17.3308
5.0639
16.6961
-20.3363
-3.43547
-1.70756
3.19007
-6.02734
-11.73
15.8441
8.82835
-7.81276
11.0683
-9.03605
-12.458
-10.811
7.56199
14.452
0.613042
-1.0032
11.9979
-0.00930551
-3.49349
-4.22392
-5.51631
9.45777
-15.731
4.61337
-15.2729
18.4804
-10.3716
-9.67818
-0.228829
-6.37407
-12.4746
-21.9301
10.9911
13.5715
-5.60174
13.5362
9.07307
-16.968
-13.4893
4.03761
-7.89974
-6.02418
13.174
-17.4968
-12.1887
-5.36105
-2.74969
20.2612
14.1654
7.22584
-4.78646
-14.7244
-6.68892
-0.582329
9.89632
7.25937
-0.929233
-16.4153
14.9545
-13.9282
-3.68468
-20.2165
-21.1838
-11.7221
16.6535
-2.47672
-14.5598
9.61601
-1.88609
-14.4288
-10.4007
11.456
2.48638
-18.2826
7.70005
8.74303
-5.5694
-12.6933
8.48369
-15.9074
16.4845
-21.1047
-8.61752
-6.15043
4.17197
-20.1817
9.64051
-25.5384
-15.1285
9.83456
-15.0354
4.28502
13.4316
-10.4832
7.32437
13.8483
2.81596
7.8177
-4.25865
-15.2284
18.7371
7.87746
16.8457
-2.34187
8.75068
2.89406
-8.318
-14.6267
9.05807
19.7967
-10.6214
5.64946
-16.7019
2.80285
15.514
5.68791
3.34629
12.037
2.83618
7.1322
0.357754
10.8321
-12.5328
-5.29865
-25.2292
18.7965
-14.6886
5.61435
9.58668
2.87995
6.09509
7.94156
-10.8916
-1.51075
-11.3083
20.7915
-18.1248
-1.19271
-20.9089
12.0352
-0.639153
-8.84625
-4.22276
1.81689
12.5045
-7.90428
-12.4078
-4.27099
-16.5891
12.7115
-16.3465
4.41908
7.58785
-6.83567
19.2702
6.96114
-8.45237
-15.9071
-6.23727
-15.9724
8.08137
21.8976
9.14429
18.9578
-1.59846
20.4862
15.5706
-2.05677
-0.410704
-23.075
-9.76843
16.8646
-9.41359
4.47947
-3.97981
-10.7612
16.3962
2.07277
3.78998
20.6486
0.479691
7.99777
1.00983
-14.0974
-21.1499
2.24544
16.8238
-5.57533
8.08945
-12.054
-4.18937
-3.12039
-10.6412
-16.2845
-8.76851
5.85653
-16.6851
-8.80084
-14.1448
1.0395
-8.11213
-7.87845
-2.27552
5.68803
-20.8526
12.6561
11.0989
17.3742
-2.46899
-6.88233
17.7842
17.9997
-18.2246
5.91958
-15.855
-19.0017
-13.4063
15.7741
-2.59196
15.3417
-16.0154
13.0705
-8.8425
-5.14599
13.491
1.45011
-16.7792
16.8573
11.3582
-13.0905
-1.5854
-15.4943
3.74229
13.0561
3.27578
5.52622
7.41979
-5.41297
3.85069
-14.423
10.0235
2.06039
-17.9511
13.4578
-15.1729
-15.5766
17.6439
-8.57894
-18.4629
-5.87048
-14.0651
-13.0053
-15.7845
-4.73411
0.727222
17.6929
16.716
1.1552
13.3447
7.30848
8.0817
-10.6063
7.53602
-8.24218
-17.5506
-8.96913
17.284
9.86922
5.6179
1.13473
15.4462
-4.35859
-16.8049
17.4951
-10.9008
-11.9778
-18.0815
-13.257
-0.556707
-16.5444
0.872567
5.37815
-9.54976
5.08804
-19.356
11.1775
2.78089
