250.712
10.8625
-2.82855
-84.4765
-14.5765
65.7687
-85.3965
-58.1964
-81.7883
-23.6078
-68.9035
76.3618
-7.62263
40.3088
23.5165
54.6969
51.4321
66.4241
-23.4134
-82.0425
-25.1271
48.5687
69.982
-47.5369
21.1992
-33.0719
26.339
-83.1289
113.033
-3.43825
41.1387
-4.53441
7.59861
92.5677
-10.9312
34.5343
-0.162527
72.7956
42.1772
23.8397
34.6291
-65.8936
-10.9471
19.3815
43.7646
-29.9654
86.9497
-11.6053
4.03054
-25.0291
20.6502
35.806
49.5509
-48.074
25.6536
67.2577
8.32791
23.5088
-10.6389
-49.2038
-53.4133
69.1225
-1.12127
-15.0935
56.9103
30.6575
-35.1189
-36.2036
1.93196
-65.9464
-30.352
82.2946
-65.9907
-53.237
-22.8499
2.63257
-11.1002
29.1967
-75.3698
-32.2322
-51.3927
-38.1358
-37.7767
-67.902
-33.651
-16.3692
19.2099
-16.1482
-29.0578
-106.202
106.805
34.5851
38.6319
-44.243
22.9017
71.8473
66.8049
-2.87368
-8.63736
-45.0257
-1.91478
-39.8748
-82.6788
-65.8105
22.0866
42.7473
80.4286
-14.8806
-34.0987
-62.6274
13.2793
-98.252
-10.4017
10.155
84.582
-87.5419
-32.1928
14.4068
7.95637
-99.2985
0.970467
-107.477
23.0919
55.7833
3.3148
3.73783
-37.058
-64.4208
-39.6414
12.2725
9.89765
49.1195
-10.3516
19.7731
80.2868
-37.6285
103.072
6.7179
16.0106
-5.22775
-36.5715
18.1471
-6.47501
-62.8364
-89.3073
134.466
74.4963
-31.9164
-26.7652
49.6957
84.3089
-23.4228
-6.83973
-17.4782
16.6715
92.9015
-57.8198
33.8869
29.3772
-63.5899
-34.9076
3.82803
43.4595
9.33819
26.2084
89.0397
-65.9779
-41.8362
-74.6164
11.924
-4.11918
-69.8
23.4613
51.1878
21.9225
-20.2019
43.6402
-34.4436
7.00107
32.692
-44.5442
2.20339
-39.3946
-80.9422
1.35147
37.7057
-10.6152
50.4383
139.78
69.7255
-28.0297
-72.1209
-42.3606
66.2233
-46.1158
-10.4244
-72.2307
11.9256
-2.78879
13.1094
55.4192
-23.8137
-92.79
61.774
40.4914
-61.8675
-59.2588
-55.9599
-1.5902
-85.7493
-34.2442
-63.6133
1.63108
-39.2277
-47.0797
-4.14493
88.9369
51.8833
22.7512
-95.5038
-5.47229
49.1916
-46.1743
-126.443
65.1218
-34.8961
-19.811
81.1911
50.9546
42.7278
-80.4112
-54.6909
19.3016
47.0663
24.5884
37.7336
0.562998
-18.7164
7.04003
-11.3262
45.6131
17.7132
-65.4527
56.985
27.7761
-0.103292
-4.1709
39.1919
44.6565
108.084
-29.6747
-48.9078
37.8506
-2.90769
-82.4187
-4.2486
-64.0563
-52.3108
88.2477
26.0609
-11.854
123.319
13.1522
-17.4188
12.3032
-78.8043
-13.2409
27.3139
-32.8575
-18.3154
-20.0772
117.597
-75.9661
35.46
66.9287
-34.0056
71.0627
2.58558
-8.50739
-0.819197
-9.7128
-78.3635
67.2474
-19.5237
67.9472
-59.7368
-87.0686
-74.2549
-53.0933
-21.6631
-67.5798
-28.7832
55.3057
-0.961719
34.391
-18.7125
21.5925
-101.788
23.1459
122.462
71.7871
18.294
52.9045
3.31238
52.3736
53.2038
-32.2336
44.6399
13.351
-95.7007
8.69874
72.259
81.8522
31.2445
3.05461
79.1402
29.1081
-48.642
61.96
73.8233
34.4629
-24.8369
-26.2661
54.2299
49.7716
41.8779
-1.56549
-147.59
97.534
-14.6819
-10.3013
21.2619
-10.1995
-21.4198
96.6213
85.3618
-98.1216
5.95431
-7.85185
55.9208
66.1685
63.4952
-61.7521
-60.797
0.343697
15.0305
47.7516
0.360572
-38.8604
-14.1819
-61.1436
-68.5113
26.1165
-41.2316
2.71406
53.3329
-76.031
-63.0594
8.72955
57.4907
-99.9567
-24.3058
-15.4751
-14.3566
-73.57
-119.534
-65.7297
11.3525
-19.3252
-50.1847
54.6508
10.7117
38.7662
23.1796
95.1099
-9.97356
-37.5182
-10.0663
-42.3081
5.17796
110.169
40.1641
-65.2783
13.2406
59.31
53.5953
0.33064
-22.4632
-64.6798
-11.508
-36.5941
34.1523
-71.4687
102.271
9.21708
105.634
26.0437
-43.8156
16.5472
-68.5566
43.9632
28.6802
16.1394
39.6668
123.608
-40.7698
-29.6277
-42.4994
-48.2654
45.818
39.9714
58.1724
-42.2371
56.8597
-40.7992
-96.5726
-34.6297
-89.0921
-32.1839
-5.40601
40.5641
64.9295
-12.3437
-29.6048
64.3892
-35.1828
60.5637
-9.3055
-61.1312
-9.71131
14.4184
-49.9839
-7.99953
12.5329
92.6106
34.5585
-67.697
43.7427
-1.76275
-23.1388
-16.9898
51.5514
108.27
91.2168
-77.0245
-23.9717
-25.85
75.983
42.1957
-23.462
42.8862
60.3849
35.0846
26.8151
33.7678
74.108
17.525
-16.1709
-70.6344
-38.9943
-34.6231
50.8935
-37.8746
34.395
-64.838
69.8033
86.4198
-58.2914
24.2976
-75.8995
-82.2952
21.6466
33.3378
-9.66427
-14.6419
13.8555
118.208
-38.8611
52.5003
-22.3578
103.148
-2.48774
61.135
-1.33095
-25.3334
-91.1785
-83.9701
76.2997
2.11407
10.3106
20.0236
-12.7305
11.711
36.8586
41.9949
22.246
-72.069
57.3138
-20.1543
-91.8504
-29.9305
2.81875
95.2023
-27.8267
-146.348
-65.3786
-16.7001
-11.7405
-68.3638
71.7546
6.41318
-41.2717
-8.22958
62.3075
-117.869
-57.2836
30.7788
65.7456
-36.7867
18.7402
75.5003
-71.5461
-90.4904
69.6144
19.702
69.2395
45.4161
40.887
73.5144
-12.5314
16.2799
22.9582
12.3517
-112.52
-33.6263
-12.1535
96.5531
-41.878
19.8335
-27.1264
11.1744
8.06706
-16.9645
-45.6332
-19.4476
69.5192
-35.3584
37.305
-162.042
-18.4688
14.1959
-20.0481
93.913
69.7539
-54.0166
-107.126
-96.654
-14.3624
54.0032
87.316
-29.846
7.24861
15.787
-21.564
150.582
70.3064
-25.0543
-47.0205
-63.4127
-65.1432
16.3381
-35.4738
-0.181289
-86.9025
103.512
-32.8236
95.054
-7.23771
28.4633
-11.2112
10.4329
-83.4818
19.256
-48.7495
63.3378
-75.1776
6.60733
-97.5262
-79.5649
-54.2553
-46.709
-10.5398
18.4993
-2.20568
46.1327
-81.3769
-78.0167
-30.0406
35.0839
-58.6992
77.0912
130.255
45.9075
-39.2281
27.0756
6.6252
2.02722
77.092
19.7222
13.1821
80.8191
125.716
-20.5416
40.0862
41.0309
83.4137
-8.34088
6.16083
-56.7201
-1.4249
-63.6691
-2.94547
28.3519
32.0308
15.3311
-0.182668
92.5259
-86.1116
-57.6496
-67.9264
2.43926
-50.2306
-134.476
130.94
-53.0533
-65.6273
-16.409
-88.0596
-4.87596
29.3368
-28.8467
23.1525
120.538
-18.2504
11.3823
-69.1185
36.5608
-46.0384
88.2212
14.3541
-13.1157
39.7758
-12.5984
43.1722
44.7937
-24.2768
-17.791
49.5335
7.91992
-25.1265
89.1121
-12.344
29.5869
55.2719
-120.854
-56.8584
3.87963
-18.1707
48.5122
-112.249
31.9895
49.1253
-32.4826
12.049
6.91784
-36.3237
29.3719
46.3445
70.9354
75.4213
18.8797
45.5725
69.8986
-42.269
-34.432
24.2352
-4.35514
17.1097
8.0287
-13.6061
-47.0213
35.0493
-39.3584
-9.35558
-27.6162
-71.0215
-74.229
-14.1403
-190.185
-11.2688
28.7588
56.683
12.0594
-37.8528
-80.5617
51.0618
3.09379
119.167
28.5956
25.653
-2.96596
-58.6574
-77.7001
28.3609
41.3223
36.3906
-38.8188
86.6481
31.0007
-33.5068
19.0441
-48.9756
23.058
-81.3097
-32.3104
-19.9156
-17.7107
-10.1003
8.09135
12.6584
-27.4918
-42.9069
47.5121
62.6054
47.2282
-84.0931
13.5376
3.2156
-36.7069
-21.2422
47.7656
-21.7097
-90.8005
-35.0205
20.575
-3.12668
-59.6592
-19.2321
-22.402
50.7032
20.3053
6.43916
1.10637
14.4267
-0.802283
2.15055
16.5602
-7.30311
-13.2836
4.61864
-0.157543
10.2552
-8.13484
-4.25775
-18.6589
-9.5512
-5.08698
20.3992
18.7592
2.00992
1.27219
-17.4094
-2.94765
-15.7324
7.87385
-21.2176
13.634
-11.3102
-1.2215
-4.59709
-13.0534
-2.55362
-13.1019
6.26295
-10.9672
7.79719
-12.1347
-10.2998
15.789
-7.29958
8.06493
-5.41031
-19.6116
16.043
10.2767
-16.752
-18.8812
-9.81787
-18.2688
-15.0425
10.5011
7.74008
-11.8306
-15.6411
10.5261
17.9259
-16.5315
1.92597
-12.5816
0.818812
16.3133
-7.66759
-22.4162
-17.4174
-21.9091
-6.49541
9.24762
-14.2902
-1.92138
8.78307
-0.895843
-9.63304
-14.3106
0.786573
-16.6513
9.44371
2.47215
-7.42215
-17.1327
6.04897
-1.69088
12.789
-5.61062
15.5326
17.2154
-18.5988
11.1012
-15.1352
5.99825
-19.3368
3.8921
4.15908
-5.43426
3.38168
8.11665
-4.56705
16.9538
-0.163545
1.13856
-3.05009
-12.3695
-18.9399
8.21279
-12.7671
1.57476
11.574
-14.9819
-15.0729
-12.9331
-15.2326
12.1413
8.44352
18.5838
-20.6772
-1.54512
18.9669
-16.9953
-12.2393
14.9886
10.5376
-13.1339
2.14376
-12.3975
4.18181
-13.0553
-21.0486
19.767
-14.2432
-0.742374
3.15396
4.70559
5.44555
2.90962
-8.85544
15.3435
-10.8651
-19.2762
17.5507
-2.10761
-15.2939
-16.2098
-15.7703
14.4046
-19.4034
-16.9834
-9.89492
20.118
-9.64767
-2.41335
16.2036
18.5006
7.3551
-0.608127
-7.27282
-7.66109
4.73214
-7.71816
-6.63796
13.5329
15.5272
15.7079
-2.54607
-0.751651
1.5052
10.1598
-7.13998
13.8467
10.037
-7.35183
-17.7246
17.5215
-7.17425
-10.0678
11.0345
-5.22673
-2.4565
-20.8405
-4.4237
7.16552
2.80903
-12.1286
7.3952
-6.30616
25.9755
-18.1326
4.83892
-0.656356
-4.91524
15.231
-7.88518
-11.599
10.9399
7.03545
8.50538
-7.79212
-4.14978
-18.4151
-18.0436
-11.7276
-4.99594
-12.1099
-16.5989
8.17128
-2.91508
13.8646
-16.1086
20.0871
15.6472
-0.212373
5.40626
-4.88752
8.97723
-6.64945
10.1877
1.18715
-7.71054
-10.2617
19.3365
6.75742
-14.4938
-8.98051
12.9365
17.1481
-19.8258
4.52225
-9.14971
-3.62517
1.50382
-7.35164
7.62567
15.3593
0.033407
7.78912
0.856563
20.845
4.4623
7.10648
16.9929
2.27317
-12.4356
2.68872
20.8128
-19.2548
10.633
7.71701
2.60394
-15.6875
17.7755
1.31378
13.1318
-17.472
13.4178
4.70528
17.0582
13.1947
-7.17589
-13.0086
-8.53522
14.8567
0.987221
11.6942
11.4249
-20.5904
5.32861
-1.81706
-19.8042
-10.4607
-13.9207
16.2733
9.81865
-5.4574
-1.18059
2.61431
-2.82986
-8.59654
-7.03196
-23.8094
-3.10761
-8.02035
3.82723
-14.0747
-2.93223
-6.03276
18.0644
-6.41421
-13.4796
-13.5743
1.40722
-2.82049
-17.8168
-17.7964
-8.86854
12.4033
-20.2849
12.2635
-8.60318
-16.4339
-17.1814
-2.04213
19.8368
10.8516
17.2116
-2.79512
-0.840239
-4.28501
8.60743
14.2231
-3.82773
-14.5002
-13.688
17.9198
-5.36051
0.928968
-8.02179
-8.8152
14.5162
-1.48325
-1.93117
-4.03836
14.828
-0.190421
-2.76112
-14.633
-6.12908
-1.00824
19.253
5.55833
1.08389
-19.0387
-14.9668
0.121043
11.8129
-17.7552
17.3259
-9.02732
-2.04019
5.93335
-14.8042
14.1321
11.4332
-8.49221
12.0518
-13.9273
12.4368
-15.9699
-2.74254
6.95299
2.5468
15.3263
-17.0854
-2.6252
-4.86414
